# Results:
# {'model': 'glove', 'hits': 731, 'good_rating': 495, 'bad_rating': 236, 'ratio_good': 67.72, 'ratio_bad': 32.28}
# {'model': 'use', 'hits': 681, 'good_rating': 443, 'bad_rating': 238, 'ratio_good': 65.05, 'ratio_bad': 34.95}
# {'model': 'fasttext', 'hits': 807, 'good_rating': 489, 'bad_rating': 318, 'ratio_good': 60.59, 'ratio_bad': 39.41}
# {'model': 'infersent', 'hits': 714, 'good_rating': 143, 'bad_rating': 571, 'ratio_good': 20.03, 'ratio_bad': 79.97}

# TESTS:
# Fisher Test:
#[[1.00000000e+00 3.10131521e-01 4.06854472e-03 1.85688040e-77]
# [3.10131521e-01 1.00000000e+00 8.52177316e-02 2.73897076e-67]
# [4.06854472e-03 8.52177316e-02 1.00000000e+00 6.55697400e-60]
# [1.85688040e-77 2.73897076e-67 6.55697400e-60 1.00000000e+00]]

#
# BARNARD:
# [[1.00000000e+00 2.99134619e-01 3.70707359e-03 1.74443277e-77]
#  [2.99134619e-01 1.00000000e+00 7.75685227e-02 2.47740810e-67]
#  [3.70707359e-03 7.75685227e-02 1.00000000e+00 1.99735665e-59]
#  [1.74443277e-77 2.47740810e-67 1.99735665e-59 1.00000000e+00]]
# BOSCHLOO:
# [[1.02168045e+00 2.91444503e-01 3.68767914e-03 1.05431016e-77]
# [2.91444503e-01 1.02212106e+00 7.71649634e-02 1.86028287e-67]
# [3.68767914e-03 7.71649634e-02 1.02001323e+00 5.69707526e-60]
# [1.05431016e-77 1.86028287e-67 5.69707526e-60 1.02493795e+00]]

# Pearson Chi Test (ohne InferSent weil nicht bewertbar)
# p = 0.012845776688492998

Speicheranforderungen ohne Kompression:
4*dims+4 pro Byte = (4*dim + 4)*8 für float64 = 8Byte Floats
Also pro Vektor:
300dims = 9632 Byte = 9,63 kB
512dims = 16416 Byte = 16,41 kB
2048dims = 65568 Byte = 65,568 kB
### Experimentelle Größe
Datenset zu beginn: 6,6mB
Nach Fasttext: 65,4mB 9960 Dokumente
Nach GloVe:  128.3mb 9965 Dokumente
Nach InferSent: 221.5mb 1826 Dokumente
Nach USE: 35,4 mb nach 10000 Dokumenten

Fasttext:
9958
[1.589, 1.3584, 1.5966, 1.4251, 1.2514, 1.8254, 1.778, 1.4176, 1.4045, 1.1315, 1.5267, 1.6407, 1.8258, 1.6683, 1.4372, 1.407, 1.4735, 2.0496, 2.1063, 1.4761, 1.7425, 0.9817, 1.177, 1.0981, 0.9398, 1.7129, 1.2386, 1.0681, 1.4426, 1.396, 1.46, 1.5033, 1.6964, 1.3206, 1.5004, 2.1195, 1.3002, 1.7432, 1.3987, 1.2111, 1.3929, 1.605, 1.6263, 1.5189, 1.575, 1.3538, 1.1782, 0.8378, 0.8788, 0.9652, 0.597, 1.3159, 0.638, 0.743, 0.6228, 0.8329, 0.9568, 0.8358, 0.6905, 0.6261, 0.6666, 0.5008, 0.5542, 0.7092, 0.5588, 0.5176, 0.7365, 0.6035, 0.7559, 0.6019, 0.816, 0.7128, 0.7155, 0.6822, 0.5946, 0.7082, 0.6436, 0.7214, 0.5832, 0.809, 0.6601, 0.7449, 0.7633, 0.6892, 1.0368, 0.8396, 0.9024, 0.782, 0.8566, 0.7223, 0.7539, 0.7897, 0.7496, 0.7188, 0.5752, 0.7207, 0.631, 0.8035, 0.7005, 0.8867, 0.6966, 0.9415, 0.7576, 0.8796, 0.7072, 0.773, 0.8304, 0.762, 0.6994, 0.6241, 0.7617, 0.5624, 0.6577, 0.6885, 0.5935, 0.999, 0.8278, 0.708, 0.6699, 0.7634, 0.6265, 0.7268, 0.6575, 0.6045, 0.7464, 0.8054, 0.7481, 0.9347, 1.1458, 0.8245, 0.9, 0.7548, 0.758, 0.6077, 0.891, 0.851, 1.1196, 0.8695, 0.7926, 0.7589, 0.9551, 0.6612, 1.0945, 0.746, 0.7977, 0.6776, 0.8094, 0.7458, 0.9113, 0.7803, 0.6499, 0.5652, 0.8373, 0.8704, 0.7976, 0.7064, 0.8332, 0.9022, 0.848, 0.8574, 0.7183, 0.8179, 0.9294, 1.3161, 1.5454, 0.7903, 0.6222, 0.7866, 0.6121, 0.8718, 0.6757, 0.6169, 0.5665, 0.655, 0.5395, 0.5292, 0.7372, 0.6441, 0.6103, 0.5949, 0.5221, 0.5233, 0.6257, 0.5157, 0.5447, 0.693, 0.5711, 0.5805, 1.5806, 0.9459, 0.7468, 1.0888, 0.7358, 0.7775, 0.7256, 0.6382, 0.642, 0.5367, 0.5583, 0.6648, 0.5934, 0.6106, 0.5686, 0.6609, 0.6013, 0.5659, 0.7374, 0.6253, 0.8002, 0.6483, 0.8736, 0.6573, 1.0906, 0.7271, 0.8516, 0.668, 0.8549, 1.2321, 1.2015, 0.8495, 0.8049, 0.8166, 0.6818, 0.7639, 0.6496, 0.8313, 0.7306, 0.7905, 0.8356, 0.6928, 0.7182, 0.5778, 0.7785, 0.6669, 0.7726, 0.9778, 0.9605, 1.0225, 0.5998, 0.5238, 2.7313, 1.2729, 0.7332, 0.8068, 0.9353, 0.7512, 0.7541, 0.6514, 0.6288, 0.6944, 0.5727, 0.5831, 0.722, 0.5943, 0.7938, 0.7405, 0.6578, 0.7181, 0.7349, 0.6732, 0.7013, 0.6357, 0.8279, 0.6287, 0.6302, 0.5372, 0.707, 0.5613, 0.7928, 0.8337, 1.4478, 0.6763, 0.8013, 0.7819, 0.7459, 0.7812, 0.722, 0.636, 0.7066, 0.7035, 0.6174, 0.6774, 0.5851, 0.7262, 0.6049, 0.7357, 0.5936, 0.9198, 0.6551, 0.7882, 0.6949, 0.6629, 0.6285, 0.6008, 0.6827, 0.5665, 0.698, 0.5983, 0.7075, 0.5883, 0.5933, 0.6533, 0.5756, 0.7132, 0.5896, 0.6861, 0.5477, 0.7129, 0.6037, 0.7373, 0.6042, 0.678, 0.5648, 0.7545, 0.6657, 0.7941, 0.6367, 0.5988, 0.6762, 0.5761, 0.6892, 0.5362, 0.8561, 0.6383, 0.6504, 0.5309, 0.9046, 0.6972, 0.6103, 0.775, 0.5503, 0.7299, 0.5257, 0.5207, 0.6519, 0.5453, 0.6276, 0.5712, 0.6784, 0.594, 0.5448, 0.6311, 0.5931, 0.5601, 0.6318, 0.5546, 0.5634, 0.6453, 0.5038, 0.5286, 0.6327, 0.5485, 0.5144, 0.7413, 0.5396, 0.5234, 0.7039, 0.5987, 0.7973, 0.6395, 0.741, 0.5897, 0.676, 0.6482, 0.564, 0.6179, 0.6324, 0.6062, 0.6025, 0.5438, 0.6767, 0.581, 0.7237, 0.5076, 0.5595, 0.6932, 0.7137, 0.6128, 0.5316, 0.9001, 0.7132, 0.771, 0.6869, 0.8379, 0.6775, 0.893, 0.7174, 0.8064, 0.6329, 0.8465, 0.6348, 0.6619, 0.6719, 0.7883, 0.6294, 0.7541, 0.6738, 0.6043, 0.6624, 0.667, 0.5707, 0.7725, 0.6312, 0.7052, 0.65, 0.5551, 0.7365, 0.5527, 0.5574, 0.8296, 0.6652, 0.9511, 0.6665, 0.9153, 0.7919, 0.7833, 0.7318, 0.7346, 0.6193, 0.7153, 0.6503, 0.6433, 0.6742, 0.5613, 0.755, 0.5715, 0.7024, 0.5793, 0.7376, 0.5502, 0.7626, 0.6234, 0.7256, 0.6985, 0.7355, 0.6107, 0.7228, 0.5829, 0.8305, 0.6273, 0.6943, 0.5447, 0.7618, 0.6236, 0.7786, 0.8525, 0.69, 0.6499, 0.7926, 0.5776, 0.732, 0.6502, 0.5765, 0.6506, 0.6387, 0.5358, 0.7484, 0.6201, 0.7261, 0.689, 0.5698, 0.6905, 0.6152, 0.6847, 0.7048, 0.5953, 0.6909, 0.5821, 0.7976, 0.6845, 0.6474, 0.8698, 0.6155, 0.7431, 0.6328, 0.6591, 0.55, 0.7187, 0.5818, 0.6867, 0.5672, 0.6599, 0.552, 0.5797, 0.6397, 0.5164, 0.5551, 0.6652, 0.5906, 0.5426, 0.6742, 0.527, 0.6361, 0.5921, 0.6665, 0.652, 0.698, 0.562, 0.6668, 0.649, 0.5388, 0.8137, 0.6296, 0.6975, 0.56, 0.6701, 0.5503, 0.5676, 0.6109, 0.5454, 0.6476, 0.5801, 0.6186, 0.5583, 0.5699, 0.6203, 0.6214, 0.5078, 0.6794, 0.533, 0.5408, 0.6974, 0.5135, 0.518, 0.668, 0.527, 0.5549, 0.6291, 0.5671, 0.6883, 0.5633, 0.808, 0.5542, 0.6386, 0.5448, 0.6118, 0.6578, 0.6301, 0.6531, 0.5812, 0.5816, 0.6859, 0.575, 0.6812, 0.5731, 0.6377, 0.6124, 0.5224, 0.6092, 0.5112, 0.5179, 0.6219, 0.6769, 0.5596, 0.7233, 0.5715, 0.6811, 0.5934, 0.6839, 0.5445, 0.6827, 0.5782, 0.7351, 0.6035, 0.6559, 0.5689, 0.6937, 0.6659, 0.6138, 0.5682, 0.6643, 0.5393, 0.5633, 0.768, 0.6379, 0.6338, 0.6573, 0.7401, 0.6502, 0.5911, 0.6857, 0.5938, 0.6046, 0.5141, 0.7465, 0.5388, 0.6496, 0.5487, 0.6935, 0.6732, 0.5523, 0.6293, 0.5372, 0.5629, 0.6427, 0.5794, 0.5496, 0.7036, 0.592, 0.8565, 0.5788, 0.6985, 0.5884, 0.6271, 0.5147, 0.6429, 0.6388, 0.5954, 0.7327, 0.6746, 0.6508, 0.5766, 0.7307, 0.5989, 0.6874, 0.5772, 0.6792, 0.6501, 0.8216, 1.019, 0.8587, 1.1373, 0.8862, 0.6776, 0.619, 0.7012, 0.6169, 0.657, 0.5366, 0.6488, 0.5749, 0.6466, 0.5357, 0.7632, 0.5927, 0.5842, 0.7938, 0.6851, 0.7341, 0.7186, 0.5695, 0.726, 0.5756, 0.9719, 0.7448, 0.657, 0.7837, 0.6002, 0.9336, 0.7328, 0.7893, 0.6109, 0.6851, 0.5804, 0.7981, 0.7604, 0.7993, 0.7635, 0.7885, 0.6763, 0.7876, 0.7386, 0.6442, 0.5681, 0.7727, 0.5283, 0.5354, 0.6256, 0.5146, 0.5153, 0.6762, 0.5741, 0.8061, 0.6811, 0.7553, 0.5838, 0.7754, 0.788, 0.6272, 0.8355, 1.0687, 1.1668, 0.7954, 0.7751, 0.6418, 0.5546, 1.0398, 0.7274, 0.9296, 0.6275, 0.601, 0.8384, 0.7109, 0.6354, 0.5334, 0.554, 0.6869, 0.6632, 0.8812, 0.6929, 0.7149, 0.73, 0.6224, 0.8233, 0.7181, 0.5926, 0.7917, 0.8235, 1.1065, 0.6058, 0.9124, 0.6115, 0.7073, 0.6349, 0.7587, 0.7347, 0.6651, 0.5791, 0.7079, 0.5869, 0.7082, 0.6353, 0.7687, 0.6134, 0.6771, 0.6738, 0.63, 0.6059, 0.6533, 0.5478, 0.7909, 0.5443, 0.8003, 0.6907, 0.7012, 0.6743, 0.6971, 0.6478, 0.6006, 0.6683, 0.5975, 0.6362, 0.528, 0.7483, 0.547, 0.5714, 0.6505, 0.5592, 0.7451, 0.5801, 0.7352, 0.6249, 0.8021, 0.6476, 0.6501, 0.6059, 0.7023, 0.6818, 0.5703, 0.7511, 0.6656, 0.6619, 0.5644, 0.714, 0.664, 0.8378, 0.7671, 0.6484, 0.7783, 0.6021, 0.8018, 0.6189, 0.6579, 0.7355, 0.6601, 0.709, 0.6027, 0.6877, 0.5855, 0.6998, 0.5397, 0.8271, 0.6108, 1.1197, 1.0829, 1.1195, 1.0788, 1.0406, 0.9691, 0.8016, 0.849, 0.9225, 0.8186, 0.7057, 0.7577, 0.6886, 0.7338, 0.6506, 0.691, 0.5962, 0.6432, 0.5774, 0.8307, 0.5917, 0.6219, 0.525, 0.5969, 0.5424, 0.5052, 0.6323, 0.7476, 0.5999, 0.7561, 0.6543, 0.7953, 0.7051, 0.539, 0.6951, 0.6031, 0.8466, 0.7412, 0.5546, 0.6233, 0.5555, 0.5675, 0.8275, 0.6273, 0.7023, 0.6253, 0.7098, 0.6572, 0.766, 0.7187, 0.7404, 0.6122, 0.744, 0.6063, 0.849, 0.6805, 0.7047, 0.6211, 0.893, 0.6341, 0.7828, 0.7787, 0.776, 0.7278, 0.6207, 0.7793, 0.8142, 0.7419, 0.6777, 0.7037, 0.6339, 0.8086, 0.6512, 0.5907, 0.869, 0.7199, 0.7992, 0.6765, 0.6132, 0.7632, 0.7729, 0.7166, 0.7122, 0.6321, 0.7751, 0.705, 0.8017, 0.7996, 0.7496, 0.6616, 0.7326, 0.6283, 0.6595, 0.8, 0.6528, 0.7147, 0.6058, 0.7167, 0.7277, 0.6099, 0.6712, 0.577, 0.5863, 0.8964, 0.6909, 0.6693, 0.6538, 0.6939, 0.8389, 0.6135, 0.7638, 0.6348, 0.6243, 0.7874, 0.6244, 0.7497, 0.7683, 0.6311, 0.7135, 0.6163, 0.7335, 0.8279, 0.6037, 0.7761, 0.6416, 0.8163, 0.631, 0.7585, 0.752, 0.8862, 0.6678, 0.6867, 0.5782, 0.5534, 0.6317, 0.5354, 0.5558, 0.7535, 0.5719, 0.6216, 0.5615, 0.8366, 0.6491, 0.7109, 0.6145, 0.7441, 0.7521, 0.7832, 0.6245, 0.6386, 0.6538, 0.6496, 0.9876, 0.9937, 0.7851, 0.7414, 0.7453, 0.7681, 0.8072, 0.6366, 0.7026, 0.663, 0.6227, 0.7056, 0.6448, 0.6746, 0.5859, 0.5291, 0.7081, 0.6182, 0.5843, 0.6702, 0.6883, 0.6776, 0.5881, 0.5384, 0.6204, 0.7162, 0.6642, 0.736, 0.6024, 0.7906, 0.7515, 0.7116, 0.6726, 0.5942, 0.7232, 0.6159, 0.8382, 0.6854, 0.741, 0.7264, 0.7105, 0.5906, 0.6592, 0.6465, 0.7091, 0.6045, 0.7062, 0.7083, 0.7651, 0.6299, 0.7645, 0.6632, 0.6705, 0.5809, 0.6772, 0.6881, 0.8017, 0.6974, 0.6289, 0.8697, 0.7875, 0.7401, 0.6968, 0.6589, 0.6086, 0.5523, 0.6683, 0.6501, 0.5801, 0.7828, 0.6003, 0.5998, 0.5141, 0.9826, 1.2212, 0.7963, 0.7051, 0.6412, 0.6188, 0.5702, 0.7646, 0.6401, 0.741, 0.6214, 0.7944, 0.751, 0.6057, 0.8887, 0.6509, 0.6114, 0.6026, 0.5615, 0.6265, 0.6017, 0.5449, 0.6787, 0.6055, 0.581, 0.656, 0.5568, 0.5723, 0.7746, 0.5934, 0.6703, 0.5867, 0.7618, 0.6273, 0.7099, 0.614, 0.7084, 0.5719, 0.6828, 0.5651, 0.646, 0.6315, 0.6435, 0.6219, 0.7458, 0.6519, 0.6873, 0.5884, 0.687, 0.6443, 0.6447, 0.553, 0.6785, 0.5808, 0.5671, 0.6769, 0.5973, 0.5978, 0.6826, 0.6091, 0.7536, 0.5678, 0.6431, 0.5539, 0.6979, 0.6084, 0.6832, 0.5854, 0.5866, 0.7156, 0.6355, 0.6631, 0.5853, 0.6206, 0.5268, 0.5542, 0.6581, 0.5797, 0.5729, 0.6429, 0.5291, 0.6529, 0.6222, 0.6758, 0.5784, 0.5969, 0.6444, 0.5027, 0.5092, 0.6963, 0.6598, 0.6433, 0.6001, 0.7421, 0.7078, 0.6315, 0.5512, 0.6476, 0.5004, 0.4963, 0.7545, 0.6533, 0.7131, 0.6223, 0.7039, 0.625, 0.7187, 0.5786, 0.6544, 0.6015, 0.7667, 0.7063, 0.567, 0.7108, 0.6284, 0.7869, 0.7024, 0.6004, 0.6939, 0.6343, 0.6306, 0.6367, 0.6052, 0.7414, 0.6178, 0.711, 0.6455, 0.693, 0.6065, 0.7462, 0.5973, 0.6387, 0.5395, 0.6835, 0.5864, 0.6647, 0.6006, 0.6732, 0.6029, 0.5985, 0.7135, 0.5964, 0.7226, 0.6151, 0.7032, 0.7367, 0.7278, 0.7419, 0.629, 0.712, 0.5884, 0.6646, 0.5792, 0.6507, 0.5662, 0.5467, 0.6462, 0.5411, 0.5586, 0.6396, 0.5753, 0.6537, 0.5815, 0.7213, 0.5953, 0.5857, 0.6688, 0.5869, 0.5846, 0.6703, 0.5981, 0.6595, 0.5913, 0.6801, 0.6058, 0.7109, 0.6763, 0.6449, 0.588, 0.6865, 0.6014, 0.6878, 0.5825, 0.6885, 0.577, 0.71, 0.6561, 0.6948, 0.6162, 0.8811, 0.7201, 0.7702, 0.7117, 0.6657, 0.689, 0.6074, 0.7045, 0.6444, 0.6951, 0.6193, 0.8143, 0.6799, 0.6118, 0.6309, 0.5433, 0.5342, 0.6753, 0.5251, 0.4994, 0.6716, 0.6126, 0.5695, 0.7014, 0.6295, 0.61, 0.5139, 0.7164, 0.6932, 0.6474, 0.7488, 0.6554, 0.7155, 0.6766, 0.6186, 0.7456, 0.6631, 0.6977, 0.5826, 0.6307, 0.5685, 0.5827, 0.7575, 0.6661, 0.6618, 0.7243, 0.654, 0.7008, 0.5906, 0.7073, 0.5977, 0.6563, 0.6255, 0.6184, 0.5556, 0.6428, 0.5733, 0.5246, 0.6264, 0.5875, 0.5413, 0.6858, 0.5472, 0.5055, 0.6317, 0.5429, 0.5824, 0.5967, 0.5651, 0.5246, 0.5825, 0.599, 0.5166, 0.6499, 0.5803, 0.5562, 0.6937, 0.6324, 0.6103, 0.6735, 0.6064, 0.5768, 0.5447, 0.7228, 0.6429, 0.615, 0.6465, 0.5389, 0.5786, 0.6497, 0.5901, 0.6905, 0.6174, 0.6597, 0.5246, 0.5503, 0.5977, 0.5342, 0.5448, 0.7097, 0.5816, 0.5978, 0.6302, 0.5027, 0.506, 0.7321, 0.6607, 0.665, 0.5945, 0.6818, 0.5831, 0.6889, 0.5622, 0.6622, 0.6226, 0.5962, 0.7014, 0.5781, 0.6681, 0.5628, 0.6892, 0.5921, 0.6747, 0.6048, 0.6521, 0.5737, 0.7668, 0.6585, 0.6556, 0.6205, 0.6552, 0.5888, 0.6382, 0.6159, 0.5999, 0.6225, 0.5224, 0.5481, 0.606, 0.5697, 0.5429, 0.7673, 0.6595, 0.6572, 0.605, 0.741, 0.5894, 0.6851, 0.5831, 0.6005, 0.5624, 0.5398, 0.5762, 0.6792, 0.6784, 0.6111, 0.6292, 0.5219, 0.5194, 0.6973, 0.5885, 0.6178, 0.758, 0.5456, 0.5913, 0.5541, 0.7511, 0.6143, 0.6749, 0.6022, 0.6028, 0.5677, 0.5319, 0.684, 0.5909, 0.5609, 0.7731, 0.5984, 0.6599, 0.5917, 0.7681, 0.6513, 0.651, 0.5698, 0.7207, 0.5813, 0.6489, 0.5408, 0.6859, 0.5432, 0.5538, 0.6341, 0.6058, 0.5568, 0.6375, 0.551, 0.5623, 0.7075, 0.5589, 0.6273, 0.5732, 0.6924, 0.5827, 0.5917, 0.7737, 0.6534, 0.6426, 0.5975, 0.6512, 0.5675, 0.7161, 0.6076, 0.6487, 0.5906, 0.6332, 0.5438, 0.6089, 0.5532, 0.518, 0.6326, 0.5201, 0.4991, 0.587, 0.4991, 0.4261]

GloVe:
9965
[1.602, 1.447, 1.0428, 1.2329, 1.2295, 1.2802, 1.2039, 1.1375, 1.0578, 1.4508, 1.188, 1.2186, 1.2242, 1.1651, 1.4862, 1.3331, 1.345, 1.1963, 1.2805, 1.3758, 1.2583, 1.1715, 1.1952, 1.0053, 1.1455, 1.1261, 1.0466, 1.1572, 1.118, 1.0752, 1.3592, 1.3527, 1.8004, 1.5239, 1.4017, 1.0624, 1.1899, 1.6352, 1.2166, 1.2871, 1.1559, 1.2779, 1.3728, 1.2215, 1.4326, 1.3711, 1.0864, 1.1999, 1.2061, 1.8422, 1.4175, 1.4571, 1.6968, 1.1567, 1.3876, 1.2805, 1.2389, 1.7464, 1.4478, 1.3928, 1.3321, 0.8795, 0.915, 1.0901, 0.8946, 0.8412, 0.8599, 1.1146, 1.0882, 1.1883, 0.9628, 0.9656, 1.5472, 1.7547, 1.3432, 1.4681, 1.3401, 1.5718, 1.2787, 1.3688, 1.216, 1.4701, 1.4187, 1.5064, 1.4973, 1.5485, 1.3788, 1.5819, 1.3147, 1.2249, 0.8983, 1.0976, 1.0806, 0.8668, 0.8269, 0.8351, 1.0951, 1.3222, 1.162, 1.3543, 1.2289, 1.4614, 1.4008, 1.3553, 1.144, 1.3253, 1.2021, 1.164, 1.1679, 1.3376, 1.1868, 1.1246, 1.3632, 1.1267, 1.2784, 1.5579, 1.249, 0.9923, 0.975, 1.3383, 1.285, 1.2217, 1.1806, 1.0485, 1.001, 0.9886, 1.0022, 0.9871, 0.8039, 1.0152, 1.2477, 1.1617, 1.2863, 1.3115, 1.1542, 1.192, 1.0675, 1.2815, 1.1622, 0.9659, 0.8919, 0.9476, 0.904, 0.8041, 0.8394, 0.9199, 1.104, 1.1445, 0.9724, 0.836, 0.7953, 0.9362, 1.026, 1.1006, 0.9151, 0.9216, 1.1385, 0.962, 0.959, 0.8771, 0.7988, 0.9766, 0.9929, 1.0427, 1.0285, 1.0628, 0.9753, 1.2227, 0.9074, 0.8183, 0.9056, 0.8211, 0.8642, 1.0855, 0.8583, 1.0121, 1.4243, 1.3465, 1.086, 0.8495, 1.052, 0.93, 0.924, 0.8932, 0.9884, 0.9892, 0.9259, 1.247, 1.2005, 1.1676, 1.3313, 1.4129, 1.1742, 1.4895, 1.3477, 1.6689, 1.5894, 1.4865, 1.2006, 1.0659, 1.1032, 1.1797, 1.2146, 1.0496, 1.0326, 1.032, 1.0816, 1.1559, 0.9796, 0.9353, 1.0036, 1.0424, 1.2145, 1.7886, 1.1323, 0.8006, 0.7179, 0.6458, 0.7876, 0.6342, 0.9911, 0.765, 0.729, 0.6343, 0.7882, 0.5727, 0.9706, 0.8937, 0.7619, 0.723, 0.613, 0.6543, 0.5352, 0.824, 0.6584, 0.8732, 0.7503, 0.6228, 0.5119, 0.5772, 0.7628, 0.6274, 0.8952, 0.7158, 0.6022, 0.8376, 0.6095, 0.7236, 0.7303, 0.6141, 0.7404, 0.5809, 0.8233, 0.8725, 0.747, 0.829, 0.735, 0.7413, 0.6099, 0.7192, 0.5911, 0.76, 0.5833, 0.7028, 0.5696, 0.8235, 0.8069, 0.8171, 0.6709, 0.6294, 0.7057, 0.6006, 0.7327, 0.6059, 0.6697, 0.5523, 0.7017, 0.5624, 0.7275, 0.5578, 0.552, 0.7202, 0.5927, 0.6348, 0.5656, 0.9011, 0.7018, 0.8316, 0.862, 0.8539, 0.9067, 0.9341, 0.8663, 0.7117, 0.637, 0.9305, 0.6133, 0.7552, 0.7248, 0.7389, 0.8314, 0.8416, 0.7159, 0.5973, 0.635, 0.5519, 0.7468, 0.6482, 0.6567, 0.5626, 0.7918, 0.6609, 0.7636, 0.6841, 0.7339, 0.604, 0.7105, 0.5782, 0.6942, 0.6018, 0.7003, 0.6104, 0.6386, 0.6282, 0.5194, 1.3775, 1.2355, 0.6974, 0.7528, 0.5977, 0.7023, 0.5769, 0.7946, 0.6592, 0.9187, 0.7517, 0.8971, 0.7131, 1.0408, 0.9576, 1.068, 0.8356, 1.0232, 0.9675, 1.0961, 0.8014, 0.8167, 0.7605, 0.6482, 0.7627, 0.5899, 0.7204, 0.6098, 0.6994, 0.5262, 0.6793, 0.5546, 0.6782, 0.6086, 0.5993, 0.7737, 0.6555, 0.7567, 0.6484, 0.5463, 0.6909, 0.5422, 0.5425, 0.6164, 0.6111, 0.5516, 0.8501, 0.6537, 0.8797, 0.7063, 0.6626, 0.7144, 0.6133, 0.6654, 0.6011, 0.679, 0.5709, 0.5413, 0.7309, 0.5909, 0.7079, 0.5783, 0.8105, 0.6888, 0.6955, 0.6005, 0.7612, 0.6209, 0.736, 0.6383, 0.7508, 0.6072, 0.7382, 0.6482, 0.586, 0.6703, 0.6353, 0.6178, 0.6618, 0.5456, 0.662, 0.5787, 0.7429, 0.6411, 0.6512, 0.6672, 0.5166, 0.603, 0.5489, 0.7054, 0.673, 0.6432, 0.6584, 0.5602, 0.6907, 0.5461, 0.6373, 0.5752, 0.5349, 0.6415, 0.5427, 0.5395, 0.6399, 0.5777, 0.5918, 0.7406, 0.6018, 0.5963, 0.8017, 0.6739, 0.7092, 0.786, 0.6842, 0.8472, 0.7095, 0.7458, 0.6682, 0.6197, 0.7658, 0.6355, 0.869, 0.7176, 0.8072, 0.6658, 0.6959, 0.6048, 0.757, 0.6653, 0.6939, 0.6069, 0.8227, 0.6989, 0.6869, 0.7241, 0.6238, 0.7571, 0.7307, 0.6431, 0.747, 0.6584, 0.6667, 0.6187, 0.761, 0.6874, 0.7868, 0.6997, 0.6937, 0.8521, 0.7776, 0.7284, 0.6088, 0.5893, 0.6998, 0.6039, 0.6875, 0.5827, 0.8148, 0.6563, 0.7669, 0.6602, 0.7468, 0.6235, 0.6262, 0.5609, 0.8194, 0.6656, 0.702, 0.7049, 0.5969, 0.7116, 0.5215, 0.5377, 0.698, 0.6299, 0.776, 0.6159, 0.6128, 0.5204, 0.5453, 0.7116, 0.6382, 0.7765, 0.7113, 0.7005, 0.6166, 0.7767, 0.7361, 0.6703, 0.759, 0.6022, 0.6459, 0.5489, 0.7599, 0.6707, 0.6234, 0.5629, 0.6703, 0.6695, 0.6241, 0.8241, 0.7225, 0.6477, 0.6707, 0.6196, 0.7478, 0.5762, 0.6616, 0.5534, 0.7399, 0.7272, 0.7233, 0.6102, 0.8549, 0.6257, 0.8408, 0.6867, 0.7367, 0.6471, 0.6821, 0.5862, 0.7583, 0.6074, 0.8134, 0.6708, 0.8017, 0.7864, 0.8092, 0.6809, 0.7026, 0.634, 0.7169, 0.5907, 0.7558, 0.6726, 0.7946, 0.6961, 0.6438, 0.6899, 0.5964, 0.7275, 0.6367, 0.6822, 0.5989, 0.6343, 0.5759, 0.8169, 0.7466, 0.8159, 0.6646, 0.5921, 0.6592, 0.552, 0.5668, 0.9319, 0.6565, 0.6869, 0.6387, 0.5716, 0.7812, 0.6339, 0.6422, 0.5612, 0.6823, 0.6658, 0.6042, 0.6702, 0.5412, 0.5467, 0.6586, 0.5363, 0.5305, 0.6309, 0.5079, 0.5143, 0.6548, 0.5637, 0.5453, 0.6658, 0.5917, 0.5959, 0.7502, 0.6133, 0.8402, 0.6759, 0.5771, 0.3327]

InferSent:
1775 Dokumente 
Embeddingzeiten (ca 50 Dokumente als Batchsize) 
[3.7164, 3.3561, 8.7533, 8.499, 12.0004, 9.9848, 11.6619, 12.6872, 16.018, 16.6414, 12.9994, 12.9383, 11.4051, 10.9083, 11.1518, 10.7282, 12.2688, 12.0989, 15.1009, 14.4878, 11.3124, 9.1453, 8.7079, 8.3212, 10.9735, 12.4384, 13.0128, 13.5266, 9.646, 10.601, 11.4095, 9.9439, 9.7714, 9.0968, 8.8264, 10.5441, 12.4173, 11.1612, 10.5847, 11.5522, 12.5349, 12.7743, 12.8781, 13.4654, 14.6686, 17.1764, 19.278, 19.0655, 23.9774, 21.1527, 14.8668, 15.5555, 16.0562, 13.6241, 11.1553, 12.5298, 13.5503, 13.4954, 15.2048, 17.1758, 16.9305, 17.4144, 18.137, 17.9344, 17.0261, 15.9189, 17.7306, 20.2485]
 
USE:
10000 Dokumente
Embeddingzeiten (ca 50 Dokumente als Batchsize)
[1.546, 0.8767, 0.8374, 0.6013, 0.9807, 0.7784, 1.2094, 0.9411, 1.1027, 0.8707, 1.1091, 0.8931, 0.8469, 0.6877, 0.7269, 0.9335, 0.7731, 0.9457, 0.7469, 0.9621, 1.0236, 0.8448, 0.7278, 0.8165, 0.6147, 0.961, 0.7521, 0.7318, 0.8456, 0.6968, 0.7722, 0.7556, 0.5843, 1.4517, 0.504, 0.8407, 0.6195, 0.6715, 0.7126, 0.5459, 0.6028, 0.8616, 0.6843, 1.0125, 1.0207, 0.9903, 1.0487, 1.1052, 1.057, 1.1118, 1.1605, 0.8423, 0.5578, 0.6717, 0.6172, 0.897, 0.7356, 0.9994, 0.7916, 0.8286, 0.9017, 0.7423, 0.9484, 0.7921, 1.1425, 0.9643, 1.2598, 0.8878, 1.0855, 0.8471, 1.0849, 0.857, 1.0988, 0.7622, 1.0119, 0.8266, 1.0411, 0.8508, 0.9632, 0.8581, 0.8022, 0.6277, 0.8775, 0.8537, 0.7818, 0.5883, 0.6002, 0.6762, 0.5199, 0.4695, 0.6101, 0.4666, 0.6797, 0.5402, 1.0601, 0.8557, 0.9214, 0.7853, 0.9879, 0.8304, 1.2718, 0.8083, 0.8502, 0.7798, 0.7973, 0.6556, 1.3969, 0.9679, 1.0481, 0.9131, 0.6066, 1.2411, 1.188, 1.0876, 1.089, 0.9475, 1.1647, 0.8813, 1.1945, 1.0381, 0.9516, 0.8998, 0.7648, 0.9085, 0.9504, 0.8798, 1.1057, 1.2571, 1.1322, 1.1428, 1.2784, 1.1941, 1.0668, 0.8777, 0.7165, 0.6142, 0.7887, 0.6971, 0.658, 0.6843, 0.516, 0.5849, 0.5516, 0.8477, 0.6045, 1.074, 0.7587, 1.1251, 0.7746, 1.0932, 0.7799, 1.1758, 0.8822, 1.0585, 1.0217, 0.8943, 0.9912, 1.1191, 1.2009, 1.1804, 1.0491, 0.9356, 0.9974, 0.6675, 0.6269, 0.6399, 0.5442, 0.8939, 0.7371, 0.8421, 0.7034, 0.6764, 0.6472, 0.5329, 0.5888, 0.809, 0.6562, 0.6724, 0.8448, 0.7655, 0.632, 0.4841, 0.9376, 0.7953, 0.955, 0.7386, 0.5775, 1.2815, 0.6064, 1.1147, 0.8067, 0.6055, 0.5009, 0.7963, 0.5618, 0.5641, 1.0339, 0.7913, 1.2813, 0.9886, 1.2436, 1.0731, 1.4229, 1.001, 1.5082, 1.2431, 0.8919, 0.8062, 0.847, 0.6994, 0.953, 0.7613, 0.5798, 1.517, 0.7907, 0.6457, 0.7438, 0.5868, 0.6622, 0.832, 0.6725, 0.8446, 0.6728, 0.8901, 0.7455, 0.9014, 0.7534, 0.8779, 0.6832, 0.7916, 0.6198, 0.7771, 0.6434, 0.8102, 0.6694, 0.8011, 0.7959, 0.724, 0.5789, 0.6857, 0.5136, 0.8018, 0.7126, 0.7277, 0.9501, 0.8399, 1.1888, 0.9835, 0.9297, 0.7365, 0.8795, 0.6952, 0.7366, 0.906, 0.8036, 0.9598, 0.8201, 0.6864, 0.5659, 0.9922, 0.8866, 1.0067, 0.8772, 0.6768, 0.6011, 0.539, 0.9667, 0.8314, 1.2046, 1.0082, 1.0467, 0.9868, 1.1851, 1.0328, 0.8611, 0.7814, 0.5918, 0.4441, 0.8221, 0.6783, 0.7174, 1.1294, 0.8751, 0.6874, 0.5604, 0.9046, 0.7792, 1.1463, 0.9641, 1.5805, 1.223, 0.7475, 0.6129, 0.642, 0.5506, 0.7838, 0.6175, 0.6815, 1.1724, 1.0514, 1.0711, 0.9669, 2.1892, 0.697, 0.5766, 0.5452, 0.4288, 0.6368, 0.4844, 0.4533, 0.6423, 0.4934, 1.8916, 0.556, 0.6127, 0.4926, 0.4878, 0.584, 0.507, 0.6524, 0.5908, 0.5279, 0.5958, 0.518, 0.7009, 0.6029, 0.5096, 0.5489, 0.4632, 0.7011, 0.5709, 0.6444, 0.4876, 0.5333, 0.7754, 0.7059, 0.6028, 0.7359, 0.5339, 0.5463, 0.6232, 0.5234, 0.7729, 0.5974, 0.6169, 0.7368, 0.5988, 0.609, 0.6401, 0.523, 0.5721, 0.6735, 0.5013, 0.4809, 0.8235, 0.6266, 0.8531, 0.7662, 0.8724, 0.7364, 0.7536, 0.7442, 0.6412, 1.096, 0.9058, 1.0726, 0.9315, 0.8935, 0.7711, 0.7563, 1.1241, 0.9169, 0.7878, 0.6506, 0.6232, 0.5436, 0.8983, 0.7959, 0.8993, 0.8502, 0.7822, 0.9815, 0.8524, 1.1799, 1.043, 0.9105, 0.8004, 0.9986, 0.8059, 0.9984, 0.7983, 0.9742, 0.8214, 1.0815, 1.0106, 1.1147, 1.0032, 0.8938, 0.8361, 0.9302, 0.9453, 1.0682, 1.0887, 1.242, 1.0593, 1.066, 0.9767, 1.0277, 0.533, 0.0102]

########### SEARCH TIME ############
Suchzeiten in Sekunden pro Suche:
use_search = [2.0775, 2.4951, 1.0957, 1.0871, 1.0991, 1.1059, 1.1405, 1.1346, 1.1099, 1.0997, 1.0814, 1.0993, 1.0902, 1.0957, 1.1087, 1.1068, 1.0905, 1.0913, 1.1128]
glove_search = [0.7682, 0.7503, 0.7585, 0.7907, 0.7421, 0.7367, 0.7623, 0.7614, 0.7556, 0.7808, 0.7355, 0.7978, 0.7406, 0.7447, 0.7551, 0.7504, 0.7471, 0.7664]
fast_search = [142.4628, 1.5966, 1.6144, 1.108, 0.9068, 0.8775, 0.9485, 0.8638, 0.9497, 0.9032, 0.9127, 0.8806, 0.8846, 0.9003, 0.8877, 0.9033, 0.8642, 0.8777, 0.027, 0.9312, 0.8743]
infer_search = [29.3365, 11.069, 15.4376, 13.2305, 13.7712, 13.5435, 9.0013, 9.2347, 9.1333, 9.0738, 9.354, 8.9814, 9.097, 9.3339, 9.3605, 0.0503, 9.0386, 9.2523, 9.2112, 8.9179, 9.025, 9.0259]

############## DATA AVG WORD COUNT ###############
AVG:  54.315150000000024  AVG von 10.000 Stichproben

